class_sz_verbose = 10

output = tCl pCl lCl mPk


ln10^{10}A_s = 3.2086614173228347
n_s = 1.1370078740157479
H0 = 80.63346456692913
omega_b = 0.024196141732283464
omega_cdm = 0.11212598425196851
Omega_k = -0.29
tau_reio = 0.09559055118110235

root = output/test_omk

write parameters = yeap
z_max_pk = 5
l_max_scalars = 1000

lensing = yes
non_linear = hmcode
