8.0733e-03 8.7939e-03 8.4545e-03 7.3181e-03 5.7676e-03 4.0914e-03 2.6519e-03 1.6108e-03 9.2078e-04 5.0335e-04 2.6792e-04 1.4021e-04 7.1515e-05 3.5648e-05 1.7570e-05 8.5709e-06 4.1374e-06 1.9824e-06
8.7939e-03 9.7102e-03 9.4964e-03 8.3855e-03 6.7689e-03 4.9484e-03 3.3241e-03 2.1008e-03 1.2525e-03 7.1357e-04 3.9437e-04 2.1322e-04 1.1184e-04 5.7079e-05 2.8686e-05 1.4220e-05 6.9546e-06 3.3675e-06
8.4545e-03 9.4964e-03 9.4929e-03 8.6019e-03 7.1626e-03 5.4429e-03 3.8250e-03 2.5380e-03 1.5915e-03 9.5183e-04 5.4957e-04 3.0861e-04 1.6726e-04 8.7778e-05 4.5151e-05 2.2816e-05 1.1337e-05 5.5609e-06
7.3181e-03 8.3855e-03 8.6019e-03 8.0373e-03 6.9423e-03 5.5178e-03 4.0803e-03 2.8560e-03 1.8903e-03 1.1900e-03 7.1958e-04 4.2075e-04 2.3627e-04 1.2785e-04 6.7482e-05 3.4846e-05 1.7629e-05 8.7759e-06
5.7676e-03 6.7689e-03 7.1626e-03 6.9423e-03 6.2606e-03 5.2393e-03 4.1009e-03 3.0414e-03 2.1318e-03 1.4170e-03 9.0010e-04 5.4991e-04 3.2117e-04 1.7991e-04 9.7814e-05 5.1793e-05 2.6761e-05 1.3556e-05
4.0914e-03 4.9484e-03 5.4429e-03 5.5178e-03 5.2393e-03 4.6555e-03 3.8849e-03 3.0706e-03 2.2910e-03 1.6159e-03 1.0842e-03 6.9621e-04 4.2555e-04 2.4833e-04 1.3992e-04 7.6395e-05 4.0515e-05 2.0976e-05
2.6519e-03 3.3241e-03 3.8250e-03 4.0803e-03 4.1009e-03 3.8849e-03 3.4654e-03 2.9238e-03 2.3256e-03 1.7442e-03 1.2399e-03 8.4003e-04 5.3982e-04 3.2983e-04 1.9359e-04 1.0955e-04 5.9915e-05 3.1839e-05
1.6108e-03 2.1008e-03 2.5380e-03 2.8560e-03 3.0414e-03 3.0706e-03 2.9238e-03 2.6291e-03 2.2269e-03 1.7758e-03 1.3387e-03 9.5863e-04 6.4938e-04 4.1685e-04 2.5586e-04 1.5068e-04 8.5343e-05 4.6734e-05
9.2078e-04 1.2525e-03 1.5915e-03 1.8903e-03 2.1318e-03 2.2910e-03 2.3256e-03 2.2269e-03 2.0088e-03 1.7049e-03 1.3655e-03 1.0362e-03 7.4244e-04 5.0272e-04 3.2417e-04 1.9965e-04 1.1770e-04 6.6744e-05
5.0335e-04 7.1357e-04 9.5183e-04 1.1900e-03 1.4170e-03 1.6159e-03 1.7442e-03 1.7758e-03 1.7049e-03 1.5406e-03 1.3124e-03 1.0573e-03 8.0326e-04 5.7558e-04 3.9142e-04 2.5322e-04 1.5612e-04 9.2128e-05
2.6792e-04 3.9437e-04 5.4957e-04 7.1958e-04 9.0010e-04 1.0842e-03 1.2399e-03 1.3387e-03 1.3655e-03 1.3124e-03 1.1888e-03 1.0171e-03 8.2015e-04 6.2296e-04 4.4785e-04 3.0527e-04 1.9755e-04 1.2181e-04
1.4021e-04 2.1322e-04 3.0861e-04 4.2075e-04 5.4991e-04 6.9621e-04 8.4003e-04 9.5863e-04 1.0362e-03 1.0573e-03 1.0171e-03 9.2369e-04 7.9057e-04 6.3698e-04 4.8475e-04 3.4887e-04 2.3762e-04 1.5360e-04
7.1515e-05 1.1184e-04 1.6726e-04 2.3627e-04 3.2117e-04 4.2555e-04 5.3982e-04 6.4938e-04 7.4244e-04 8.0326e-04 8.2015e-04 7.9057e-04 7.1864e-04 6.1497e-04 4.9632e-04 3.7806e-04 2.7184e-04 1.8489e-04
3.5648e-05 5.7079e-05 8.7778e-05 1.2785e-04 1.7991e-04 2.4833e-04 3.2983e-04 4.1685e-04 5.0272e-04 5.7558e-04 6.2296e-04 6.3698e-04 6.1497e-04 5.5924e-04 4.7923e-04 3.8705e-04 2.9452e-04 2.1140e-04
1.7570e-05 2.8686e-05 4.5151e-05 6.7482e-05 9.7814e-05 1.3992e-04 1.9359e-04 2.5586e-04 3.2417e-04 3.9142e-04 4.4785e-04 4.8475e-04 4.9632e-04 4.7923e-04 4.3592e-04 3.7342e-04 3.0098e-04 2.2834e-04
8.5709e-06 1.4220e-05 2.2816e-05 3.4846e-05 5.1793e-05 7.6395e-05 1.0955e-04 1.5068e-04 1.9965e-04 2.5322e-04 3.0527e-04 3.4887e-04 3.7806e-04 3.8705e-04 3.7342e-04 3.3919e-04 2.8968e-04 2.3249e-04
4.1374e-06 6.9546e-06 1.1337e-05 1.7629e-05 2.6761e-05 4.0515e-05 5.9915e-05 8.5343e-05 1.1770e-04 1.5612e-04 1.9755e-04 2.3762e-04 2.7184e-04 2.9452e-04 3.0098e-04 2.8968e-04 2.6208e-04 2.2259e-04
1.9824e-06 3.3675e-06 5.5609e-06 8.7759e-06 1.3556e-05 2.0976e-05 3.1839e-05 4.6734e-05 6.6744e-05 9.2128e-05 1.2181e-04 1.5360e-04 1.8489e-04 2.1140e-04 2.2834e-04 2.3249e-04 2.2259e-04 1.9996e-04
